PSR S/N sigma(S/N) integration_time normalised_snr RA Dec
B0329+54 23681.0247531 12959.694735 1427.59493035 15352.306011528095 3 54
B0950+08 3676.90911619 3554.80216396 821.658681716 3142.0478626605445 9 8
B2016+28 2399.79671769 626.614251029 883.584113744 1977.5438882654971 20 28
B1933+16 2445.64827728 586.728571785 933.98 1960.202035193631 19 16
B1642-03 1625.05701285 737.4516893739999 824.04121466 1386.6592740544834 16 3
B2310+42 1731.84618198 503.526681794 966.183886463 1364.7561076349093 23 42
B1946+35 1785.67490366 339.555785162 1115.16135135 1309.8126046429416 19 35
B2154+40 1122.76181585 337.44240431099996 443.02831168800003 1306.6146374475884 21 40
B2217+47 1870.03926848 623.484487406 1242.64746479 1299.4284838683013 22 47
B2021+51 1741.0664680999998 607.9963584340001 1189.65584568 1236.4606654817069 20 51
B1133+16 1413.8946613 751.9052748439999 854.1264 1185.0361722734226 11 16
B0823+26 1288.800725 824.965222535 923.8954472360001 1038.6039821563588 8 26
B1508+55 1557.88869283 715.477578334 1465.36333333 996.8719827332959 15 55
B1929+10 1179.33471583 831.766196219 911.80047619 956.6714221031241 19 10
B2111+46 1190.84423543 335.087372393 1234.26294118 830.2841342635177 21 46
B1919+21 547.270568848 0.0 273.99 809.8607703648322 19 21
J2139+2242 554.533142581 212.88896548099999 301.990769231 781.6391406701823 21 22
B2020+28 903.7375677269999 551.013391849 943.1852623760001 720.8077676629136 20 28
B0809+74 1552.44400939 1953.02901887 3112.21 681.6432274710223 8 74
B0355+54 998.218450092 338.617177196 1422.96233645 648.1932666060466 3 54
B1937+21 659.870607746 295.189995263 899.7899037210001 538.844992821324 19 21
B1911-04 348.17559283699995 105.472843708 250.766086957 538.566762292641 19 4
B0136+57 861.5828155519999 163.55117318 1583.25366667 530.3925340977927 1 57
B2255+58 865.420351809 268.498763875 1680.52986577 517.1060415560888 22 58
B0626+24 630.634277344 0.0 913.9889999999999 510.9550705460047 6 24
B0834+06 554.535643361 209.106496555 823.123413265 473.4483569824724 8 6
B2319+60 705.38814504 304.348137361 1576.39902737 435.1817783630185 23 60
B0540+23 513.241954703 217.788271805 884.6235433730001 422.6866474201364 5 23
B0320+39 477.79668579099996 99.7592075039 787.388 417.0847993583855 3 39
B0450+55 647.276724199 256.966986909 1479.18643275 412.24382403724445 4 55
J2043+2740 276.467679977 80.9633998977 289.7734375 397.8237500531009 20 27
B1237+25 477.707063198 364.62141044199996 907.752801653 388.376987590251 12 25
B1818-04 445.67699951199995 66.38312020000001 814.54828 382.50527727113536 18 4
B0138+59 628.967190369 142.93427351 1675.92304348 376.33670690812073 1 59
B2306+55 329.891337675 89.8251411386 490.749411765 364.7679255003586 23 55
B2303+30 360.88048854 90.1671877599 646.436353535 347.67714386698526 23 30
B0301+19 410.12819558800004 147.89931389 865.9282388889999 341.3927556329911 3 19
B0919+06 385.783034302 153.34289412799998 819.776491667 330.04337517885665 9 6
B0531+21 373.471819951 120.58869352100001 871.991051282 309.7971721515575 5 21
J2215+1538 200.148854144 87.49640139110001 261.697142857 303.06043531911126 22 15
B1604-00 351.980477398 203.17329871799998 831.8939999999999 298.9236008835291 16 0
B1839+09 186.161437988 0.0 253.99 286.12581393829254 18 9
B2110+27 292.874696847 104.924521253 640.072208054 283.5587100369712 21 27
B2053+36 378.15191570699994 71.6432678465 1084.1404918 281.3190534057916 20 36
B2148+63 510.914827421 114.66377138799999 2047.6661039 276.56330801974826 21 63
B2315+21 211.85320772400001 68.8952048543 353.782357143 275.89420835825666 23 21
B1905+39 382.44301532599997 114.129880429 1186.75261905 271.9332163616654 19 39
B1907+10 174.465995789 0.6347732544 255.48 267.3670997131764 19 10
J2302+6028 387.96520208699997 90.47702977520001 1286.03273504 264.99787263585887 23 60
B2324+60 456.041121231 127.954683933 1820.80482759 261.78691296513824 23 60
B1915+13 168.78746032700002 11.905197143499999 258.98 256.91099463350525 19 13
B1944+17 168.650550842 33.941932678200004 265.99 253.29740146996343 19 17
B2002+31 316.623250225 92.6998761793 1060.65666667 238.13926831154046 20 31
B1737+13 272.82385253900003 0.0 857.99 228.14809636332654 17 13
B1541+09 250.78805055700002 74.7275072852 831.398272727 213.04821791757604 15 9
B2053+21 203.128841678 95.7363224994 584.014942623 205.88999242506557 20 21
B2106+44 290.008024977 67.510279955 1212.25552486 204.0274280006424 21 44
B0402+61 326.626135367 61.0977488434 1751.24857143 191.18449161845925 4 61
B2022+50 159.97981686100002 36.9248535503 428.805555556 189.23898882523952 20 50
B0458+46 255.26352557299998 75.5057175821 1204.10882798 180.1903455663064 4 46
J1518+4904 259.293377935 197.60056324 1263.2776087000002 178.6971604456256 15 49
B2000+40 243.80332850000002 52.1944462894 1117.09621905 178.67754007266916 20 40
B1530+27 216.477701004 112.40472990299999 937.717649007 173.16206140931405 15 27
B0820+02 189.75936209900001 74.03494788350001 821.820942105 162.14002473658843 8 2
B2027+37 120.438877869 27.116833700500003 331.507428571 162.0300975108396 20 37
J2319+6411 253.428710389 50.8548558263 1496.83876106 160.4515542706596 23 64
B0818-13 181.140291864 67.644528941 845.692179894 152.5754048527906 8 13
B0353+52 220.316253346 48.5552804063 1372.33292035 145.67748054897478 3 52
B1900+01 169.38785265200002 72.36896255810001 894.552280702 138.72509279664047 19 1
B2224+65 267.450939894 80.104933379 2257.42890625 137.88363138458328 22 65
B2043-04 88.3254699707 5.473403930700001 250.49 136.69932993241875 20 4
J0538+2817 125.43266928799999 46.179404663199996 524.030289474 134.21717527453947 5 28
J0517+2212 112.652074749 62.2931070473 423.103551402 134.15024943520268 5 22
B0523+11 158.616719698 23.647426866900002 848.2536842110001 133.40180689279111 5 11
B1952+29 93.3357542924 54.0189276379 295.767857143 132.937705727687 19 29
B1112+50 195.501834342 98.14817267469999 1302.35646409 132.69712904727842 11 50
B0655+64 236.73678420599998 224.35259206400002 1909.97481283 132.68674765714417 6 64
J1913+3732 160.371578217 15.7612034005 922.9875 129.30196312421728 19 37
B2148+52 186.400538312 32.599812434099995 1437.15557576 120.44004118277213 21 52
J1022+1001 127.762072015 92.0378310233 693.097424908 118.87223520743477 10 10
B0037+56 191.26193098599998 30.1327693019 1572.34545455 118.14903438193205 0 56
B0331+45 164.848741733 51.5883221665 1184.09447059 117.34594459428868 3 45
B0154+61 200.27545960700002 47.0865398397 1788.94833333 115.98570411667355 1 61
B2210+29 81.1720566886 16.880705188900002 295.896285714 115.58791192955977 22 29
B1540-06 133.197137264 84.2417506428 818.887581579 114.01405015458168 15 6
J1012+5307 173.28698872400003 121.166873415 1421.15298077 112.5955339898542 10 53
B2045-16 124.975802156 76.47368189630001 752.0016590910001 111.63288760398527 20 16
J1327+3423 140.797399553 135.330291889 1013.61613505 108.32619816050206 13 34
B1844-04 67.6926040649 0.0 250.97 104.66607567454116 18 4
B0011+47 149.126838716 64.3320609202 1232.87150602 104.03333694779104 0 47
J1652+2651 128.99400361 38.2158243914 924.384927374 103.92468569253226 16 26
B2113+14 106.58010103299999 29.5767599694 652.354549223 102.21388726841752 21 14
J0215+6218 168.246124065 41.5092549844 1727.02401606 99.16798863150282 2 62
B2028+22 63.9913231986 17.7557876619 274.876571429 94.54266781627905 20 22
B0105+65 175.49512048 73.5542429606 2070.43857143 94.47338924541108 1 65
J2227+30 93.06491570719999 31.3670131137 603.8902982459999 92.76466642960547 22 30
B0751+32 118.29624194899999 46.547209870100005 980.4875 92.53915779768874 7 32
B0059+65 161.040064952 58.319765957799994 1997.81352941 88.25353036534506 0 65
B0031-07 103.073682624 60.775037337 832.091362162 87.52616723987644 0 7
B1804-08 100.289854599 24.3803272626 833.6876744189999 85.08067690019166 18 8
J2253+1516 55.936953485 22.1306604625 260.803571429 84.84332254828529 22 15
B1633+24 102.099862392 34.0219256037 904.6602366860001 83.14919156108309 16 24
B1612+07 95.8267544862 22.665840949299998 830.760297297 81.43751970189497 16 7
B2323+63 145.33359767 51.4249645196 2037.31479167 78.87013432463364 23 63
B2227+61 142.018597515 38.2383536841 1984.76676923 78.08472852275673 22 61
J2206+6151 77.0968112946 14.160850110899998 613.4384615380001 76.24766356985442 22 61
J2036+2835 77.838947773 26.0097636446 629.245416667 76.00856812988032 20 28
B0339+53 115.106765543 27.4251583048 1380.71916031 75.87938459315403 3 53
B1845-01 90.83085318170001 20.8205579342 894.630294118 74.38531708692967 18 1
B1822-09 87.9303271524 20.3814923783 842.5424942530001 74.2024777129782 18 9
J0533+0402 47.6814345221 14.221495201500002 250.782708333 73.75239772341801 5 4
B2035+36 100.91141004100001 39.7535906186 1125.15338235 73.69025083053839 20 36
B2334+61 114.749410773 52.3608582871 1460.30589041 73.55364017106331 23 61
B0917+63 125.9225311 75.5781005082 1817.50984127 72.3503579738048 9 63
J0426+4933 60.3150156423 14.099759219700001 417.798070175 72.27995194805835 4 49
J1821+1715 85.9903793335 0.0 865.9910000000001 71.57622683859552 18 17
B1732-07 83.2873446134 17.078058543 814.6080000000001 71.47930247082239 17 7
J0546+2441 82.4117485334 38.283217956 799.1415068489999 71.40899316709566 5 24
B1942-00 46.0300559998 0.0 249.99 71.31088235679766 19 0
J1404+1159 68.0755748491 26.9368798062 569.764135135 69.85852125495792 14 11
J2027+4557 95.7272649901 19.9801627664 1129.02342857 69.78463302849637 20 45
B0450-18 82.9599360507 35.6750797046 866.261131429 69.04299458041775 4 18
J2044+4614 55.4336149693 15.568055593599999 388.02425 68.93176394251296 20 46
B0052+51 101.747121811 29.3108744457 1311.985 68.80711094829698 0 51
B0940+16 81.9798520687 41.8615872497 863.642864662 68.33066712796993 9 16
J2228+3041 86.3040649775 34.565383795900004 985.0404268289999 67.35655234234912 22 30
J2234+2114 46.542328547299995 12.4911158573 287.155710843 67.27675006761477 22 21
J2217+5733 105.943487439 30.244372917 1533.31148148 66.27270485427476 22 57
B0114+58 107.68241601 19.7323503977 1599.13114286 65.95965502978164 1 58
J0248+6021 63.5417019526 11.3163656619 567.559166667 65.332442837977 2 60
J2108+45 91.57444348950001 72.6295448236 1198.19010256 64.80179700124552 21 45
J1649+2533 77.2458827972 29.6278294691 865.791 64.3049540960325 16 25
B0410+69 124.67239372799999 57.9777280166 2415.11786164 62.14078830591429 4 69
B1911+13 71.8302612305 7.30405669416 847.472166667 60.43942851588747 19 13
J0540+3207 66.8828035164 20.6950500871 747.1078 59.93747715305326 5 32
B1907+03 68.5585110255 1.9436139831099999 785.153657143 59.93212451151346 19 3
B2036+53 50.8054917567 15.2605952599 459.76432432400003 58.03883015156948 20 53
J1713+0747 67.7183331372 34.0047691636 829.815595506 57.58257586075592 17 7
J0621+1002 53.7177666906 16.557600127 544.706104478 56.37836183978531 6 10
J0738+6904 110.298334863 68.5619446874 2336.72925926 55.89080733515925 7 69
B2241+69 91.23821177629999 23.320006644499998 1655.28818182 54.930756832812726 22 69
J0613+3731 40.1778346278 14.9072508404 330.86400000000003 54.104999097604114 6 37
J1246+2253 46.70782465479999 12.358195473699999 447.56739726 54.07992053594795 12 22
J1640+2224 65.7287817833 39.370020257600004 889.2778102560001 53.98989470594737 16 22
J0218+4232 75.2383886318 15.972340648 1167.90216301 53.927697692168614 2 42
J2139+00 63.894855991099995 28.2924546293 844.0672941180001 53.870745363652794 21 0
B0656+14 63.698077196899995 25.4834354686 851.0964020619999 53.48260724920302 6 14
J2045+3633 70.5631893681 14.361334313599999 1055.15358645 53.21033432096481 20 36
J0435+2749 35.837552940100004 12.3249905605 289.72705882400004 51.57264954470482 4 27
B1907-03 56.1827552795 7.76626234685 716.3718 51.4173178515232 19 3
B0144+59 81.9799972591 43.5149908881 1599.65186441 50.2077531175941 1 59
J0627+0706 46.546516500500005 14.977519541800001 520.132344262 49.992617840330006 6 7
J1838+1650 51.9071178436 9.86080360415 650.4875 49.85205468123587 18 16
B1718-02 58.1599142302 16.2354672635 819.6494534880001 49.760565332794755 17 2
B1846-06 53.349992752 14.571818393800001 691.2305 49.70482436755918 18 6
J2229+6114 67.49576246069999 13.129794334000001 1113.4288764 49.54740260786466 22 61
B1706-16 59.1688434191 38.9067889617 858.851666667 49.4549336976231 17 16
B1949+14 32.4527130127 0.0 258.98 49.39619781289379 19 14
B1913+10 58.2657511725 18.6695335877 838.7064411760001 49.28150768127171 19 10
J1313+0931 52.5025147832 30.462759160700003 694.485101215 48.80049918344737 13 9
J0645+5158 73.61544267229999 83.38317925439999 1384.10210135 48.468601531729526 6 51
B2045+56 44.7480138477 10.478737523300001 511.973157895 48.44241578861481 20 56
J1844+00 56.5947879791 3.4876872693300003 833.568 48.01550992388463 18 0
J2145-0750 56.6754852028 37.4279819792 857.5405949369999 47.407115128465975 21 7
J2033+0042 54.679255803400004 18.3349833861 854.32 45.823465812970774 20 0
B0559-05 53.4504467461 14.290072883599999 817.9682616819999 45.77820274683519 5 5
B0942-13 54.1364305803 38.6531785392 848.9230273969999 45.51254127597467 9 13
B0105+68 88.20479177899999 28.4417724146 2329.31977778 44.76651093754619 1 68
J1741+2758 54.1104265849 8.90464554776 884.3266666669999 44.570778757518795 17 27
J0407+1607 48.8412769564 15.500699298499999 726.601835821 44.382768578447376 4 16
J0212+5222 60.9978646514 23.4474649723 1134.64668201 44.356771993079505 2 52
J2307+2225 44.78528998189999 17.136471493 622.9990964909999 43.95085290618266 23 22
J2138+4911 44.7850717018 41.1664140986 644.848735632 43.19962458760623 21 49
B1951+32 30.9270439148 0.0 308.99 43.09648241950224 19 32
B2303+46 52.08656343649999 12.824887818699999 886.09192 42.86096467663942 23 46
J0636+5129 64.5364908106 38.3225698317 1378.1276129 42.58300002263989 6 51
B1900+05 49.92107612270001 13.0377485509 828.5008203130001 42.48279603878974 19 5
J1849+2423 48.867152213999994 10.680092405 801.49 42.280839512609155 18 24
B1322+83 141.966857394 113.842698431 7027.84695971 41.48121286535792 13 83
J1629+43 56.8761006976 45.8278948146 1137.42306796 41.308975451191856 16 43
J2019+2425 27.8673239667 7.195053881460001 279.787234043 40.8090931591399 20 24
B0045+33 52.2464802991 16.2935076142 986.59051087 40.74405005542228 0 33
J2208+5500 46.6836450441 11.345864264000001 807.735 40.23517852077386 22 55
J0030+0451 46.972463456599996 59.374856244200004 829.385347222 39.95220773950168 0 4
J0054+6946 79.3646276943 14.264430855399999 2413.90698413 39.567839997217845 0 69
J1627+1419 46.599935996899994 15.8805269516 848.749811828 39.1806015814395 16 14
J2222-0137 40.5663558651 22.036328983 645.414925532 39.11308926255494 22 1
B0226+70 79.0061130407 26.325424891999997 2477.53164634 38.8800411327742 2 70
J2343+6221 70.92888654069999 14.4765282083 2002.3770000000002 38.82628546827816 23 62
J2013+3058 27.4081499736 9.02071204477 301.605333333 38.657684627798226 20 30
J2045+0912 46.7036133721 22.349806064099997 906.825 37.98956890563503 20 9
B1738-08 44.18135854729999 12.595007408499999 832.5033478260001 37.50780909296992 17 8
B2122+13 38.237991678600004 12.364616518499998 632.2852471909999 37.2489620176492 21 13
B0053+47 53.1403749861 21.651765236 1228.08402439 37.14378860289265 0 47
J1125+7819 69.0065597183 73.3694347611 2176.6179601999997 36.23054754089077 11 78
J0711+0931 29.6767659801 15.6485873657 406.81326732699995 36.04081831671886 7 9
J0947+2740 40.5839139481 13.640252063 766.553184332 35.90528742208121 9 27
J0646+0905 37.9915607412 11.6856792188 676.764823944 35.772053514819156 6 9
B1902-01 32.2583169937 7.303606987 512.47 34.90463549247309 19 1
B1834-10 22.686269760100004 0.0 254.98 34.80051401988745 18 10
J2229+2643 43.604606053999994 23.163777299899998 947.555308725 34.698101079955755 22 26
J2317+1439 41.8528785213 22.723212158699997 879.4850451130001 34.56899299141862 23 14
J1238+2152 38.6459860367 19.1852672232 758.7851538460001 34.3653368553691 12 21
B0153+39 46.1032916838 12.3835367144 1080.9205042 34.34872981579598 1 39
J2008+2513 44.0589993954 16.2792658674 994.832 34.2164841055425 20 25
B1859+01 38.7680931091 5.3648109436 774.98 34.111814211253495 18 1
J0417+35 44.460016706800005 10.562119314 1030.56229012 33.92408348412828 4 35
J0627+0649 32.7687665198 11.0329173044 564.3006 33.789398686411445 6 6
J2222+2923 37.3515014542 89.3119038227 734.5356964289999 33.758041004420356 22 29
B0643+80 56.0510864258 0.0 1691.01 33.387705346637816 6 80
J1900+30 40.7023350535 11.162259524500001 907.870172414 33.08895687310275 19 30
J2017+2043 30.1566991589 8.66998626127 504.91727272699995 32.873755053568395 20 20
J2240+5832 38.838153839099995 6.951957655299999 848.545151515 32.65853691697328 22 58
J0613-0200 38.0088070734 13.260142129 837.472222642 32.17174804440671 6 2
J2010+2845 40.387883629099996 10.5919575899 957.222632653 31.97571336247619 20 28
J2007+0809 34.4345146179 7.78495732352 708.7581428569999 31.682581453280356 20 8
J0243+6027 46.892754608400004 11.8980505824 1377.13460714 30.952317687808243 2 60
J2111+2106 32.2628187607 9.76988518358 663.941572414 30.669945363738226 21 21
J1912+2525 37.2252720424 6.86974541344 888.1291428569999 30.59676034962048 19 25
J1944+0907 35.8042222105 14.3078311861 841.800172775 30.227718123769865 19 9
J0325+6744 57.760512044799995 11.7552538159 2205.08346154 30.1296539574641 3 67
J2248-0101 28.699562915500003 6.61747486789 551.690806202 29.92974622886168 22 1
J2346-0609 28.603727200100003 13.597563649200001 560.289294964 29.60002584230303 23 6
J1957+2831 20.5291996002 0.14030075074999998 291.995 29.427944956540564 19 28
J2102+38 37.3788797288 9.206651927360001 1009.2351 28.820780188711666 21 38
J1922+58 43.5320299268 25.86778157 1370.29444444 28.805644443752236 19 58
J0459-0210 30.099876627399997 9.56802276512 657.531217241 28.752933010253162 4 2
J1910+0714 31.4503195286 13.4537362746 718.98175 28.730405387239184 19 7
B1957+20 36.3045597357 14.1430902148 960.853529412 28.68852400218275 19 20
J0152+0948 18.6579105101 9.336222458139998 253.84894736799998 28.68474196223395 1 9
J2333+6145 42.5510397618 8.225837525700001 1364.86297297 28.212480764202773 23 61
J2016+1948 18.7987328078 5.47164512104 268.921052632 28.079657039447017 20 19
B0149-16 33.330363095900005 56.9277054786 846.068061818 28.068100275884657 1 16
B1745-12 32.8736364252 8.5172102595 838.9637956989999 27.800445973550854 17 12
J1744-1134 31.973589168 16.3089838631 840.868802326 27.008651165556937 17 11
J1544+4937 39.0180258503 10.7142702635 1271.70262295 26.800823199813717 15 49
B0148-06 31.1647533792 15.625221229500001 819.034454545 26.674005341268963 1 6
J2302+4442 37.8389534102 11.744850231800001 1223.50004237 26.49797869333952 23 44
J1549+2113 31.8726010689 15.6724307092 889.087775641 26.18308482038795 15 21
J1909+1859 31.2085851034 8.60800393672 861.322 26.047553259709257 19 18
J0621+0336 24.8542079783 7.856731595860001 546.364955224 26.045586161121644 6 3
J1946+2611 22.1056821848 5.589728496749999 432.603684211 26.033612734475458 19 26
B1254-10 30.5512337349 13.5689959057 830.407370892 25.969212510984644 12 10
J2122+54 34.9238652835 10.9107490449 1090.43061947 25.905913462502824 21 54
B1620-09 30.143177180100004 7.335358930860001 827.0231192660001 25.67472652162262 16 9
B1758-03 29.881892068000003 3.3153199798400004 826.5392857139999 25.459622955035222 17 3
J0555+3948 31.8226086747 21.690374456500003 967.527090909 25.059929010086176 5 39
J1954+43 24.9643847148 3.66314646499 600.646666667 24.9509425500268 19 43
J2017+59 30.6422818229 13.685330741700001 912.6425 24.84542231532473 20 59
J2216+5759 23.1402095604 3.7756770692400003 526.1344 24.711241432556335 22 57
J1612+2008 29.795905364899998 16.3372843232 877.2970416669999 24.64103122111911 16 20
B2003-08 28.4139701486 13.249826085 813.518125 24.401916032273455 20 8
J0023+0923 28.7480292686 82.21302186310001 835.008131579 24.36903608991161 0 9
B1926+18 15.9942099498 10.361082154 266.76 23.98711754636786 19 18
J2155+2813 21.0327924518 6.50050030345 465.046395349 23.890454955847908 21 28
B1953+29 29.525436734499998 6.69776773695 957.089196581 23.377375270594694 19 29
J2007+0910 25.9722606341 7.89327752847 743.6550555560001 23.32918731846523 20 9
J2005-0020 25.0453079261 12.605655799200001 706.65945098 23.077933361183216 20 0
J2011+3331 20.8130832911 5.56533966974 489.60909090900003 23.0402565655998 20 33
J2048+2255 19.1912567567 6.34568181873 417.962306122 22.993785868931965 20 22
J0943+2253 24.9178754757 13.615582508 719.399234742 22.756300004848374 9 22
J0340+4130 31.384426748899998 22.134939370700003 1145.55759878 22.713358746718555 3 41
J1956+0838 26.7114020095 7.339159736860001 834.954470588 22.643362097540784 19 8
B1726-00 25.9474398699 8.489814590689999 816.805565574 22.238771637618328 17 0
J1746+2540 27.105536981100002 10.5812916395 930.0806363639999 21.770747419274233 17 25
B0943+10 25.650229658 19.9659463408 843.546113402 21.63278672789951 9 10
J1720+2150 26.08060953 10.999786889400001 890.024840336 21.413728810391184 17 21
J0509+0856 25.4240597343 6.47098414595 850.9221134019999 21.348905773612582 5 8
J2238+6021 33.854731631599996 10.1963000576 1509.78497908 21.3421147449478 22 60
J2156+2618 20.8930545947 9.174449844360002 578.214955414 21.283002893800315 21 26
J2040+1657 14.0969901819 2.9440853842699997 263.713846154 21.2635393918299 20 16
B0447-12 24.910299026500002 6.85377018964 833.647056962 21.133112035996465 4 12
J1851-0053 24.8224716187 0.0 834.987 21.0416983828368 18 0
B1907+12 25.8993091583 2.75800933112 917.32 20.94610970463287 19 12
J1915+0752 17.5343320846 2.8381174806000002 420.666 20.940938756971004 19 7
J2205+1444 13.7182308753 3.6693323260300006 259.733 20.850197205486598 22 14
J1748+59 34.5862893518 8.98028486465 1656.19773585 20.81725693090127 17 59
J2047+5029 31.3787362417 3.225299994 1373.10466667 20.742411810018435 20 50
J0419+44 28.9388427735 1.6697071107600001 1175.65333333 20.673649342220415 4 44
J0413+58 33.6312823296 4.182123943680001 1597.235 20.612688628431965 4 58
J0421-0345 21.5821011985 7.48479308198 660.726760976 20.56640582588562 4 3
J0742+4110 27.5875966511 11.995599849200001 1105.97761905 20.319654704037095 7 41
J2000+29 25.583985036399998 4.5418901202 953.2021774189999 20.29790916701849 20 29
J0341+5711 30.845113130100003 15.0916142439 1386.71455289 20.289365043703306 3 57
J0406+3039 26.0438638089 12.9274964771 992.3228340430001 20.25137652442095 4 30
J0324+5239 27.2211033804 19.8983461443 1087.48242188 20.219491403555185 3 52
B1821-19 24.515465969 4.4950375634599995 882.288390244 20.216710648073548 18 19
J0111+6624 37.220852190100004 8.36752309392 2084.09612245 19.971149591074536 1 66
J0751+1807 21.6159287896 6.0251097174199995 704.570260073 19.947449411115024 7 18
J0325+67 38.2216964435 13.337816168900002 2287.04813559 19.577080721544977 3 67
J1434+7257 42.100689953 22.4527587021 2809.58045455 19.45557639759816 14 72
J1741+1351 22.806020078299998 11.682508735199999 849.054136364 19.17155926710929 17 13
B0621-04 22.571706621300002 4.43063053179 834.726842105 19.136734536777496 6 4
J2018+3431 13.8271600294 3.4176872919099996 315.6008 19.065121032932083 20 34
J1645+1012 22.2967002327 8.84777117011 831.4687027030001 18.940579697097764 16 10
J1908+0734 22.021220525100002 2.18562665504 820.983666667 18.825640141764715 19 7
J1823-0154 22.0607585907 0.0 830.9960000000001 18.74548151991495 18 1
J2033+1734 22.8909663729 4.2344413876399996 898.995993631 18.70082966171028 20 17
B1702-19 22.372368534 8.55902138755 861.137962617 18.674596306054475 17 19
J1941+02 21.6487356424 8.197997103330001 832.636852941 18.37724257098178 19 2
J0815+0939 19.5609860715 10.0898353929 687.121533569 18.278880327696818 8 9
J1239+32 23.4011972883 8.28877466083 988.01413913 18.23610664854953 12 32
J1736+05 21.2268311163 20.4314474443 814.025231707 18.223922360490814 17 5
J1837+1221 21.6511520809 2.5499358289900003 847.302111111 18.219543509439383 18 12
J1907+57 28.7947219667 2.70142809334 1537.84428571 17.98590656797941 19 57
J2340+08 16.8735147678 3.64851744449 542.548454545 17.744424385579002 23 8
B1534+12 20.9892912148 13.6655381532 843.380807453 17.703598086935408 15 12
J2044+28 22.130160100799998 4.344191181319999 946.399140625 17.620694125159773 20 28
J1643-1224 20.678011671700002 5.0396655710100005 845.0054111110001 17.424272574873058 16 12
J0647+0913 19.6793783289 11.049642094700001 767.505461794 17.399880386618367 6 9
J1842+0257 20.3115723928 3.7954006509800005 852.642333333 17.038671287374957 18 2
J0611+1436 14.409885091400001 6.6830791751900005 434.840738095 16.926650643699528 6 14
J2053+4650 14.740445915499999 2.6683209949799997 455.63897959199994 16.9151483703371 20 46
J2043+7045 33.7814888467 6.165643822969999 2393.1033125 16.915065642107532 20 70
J0201+7005 35.2809580868 10.7153828578 2686.58779661 16.67306628038118 2 70
J1821+4147 22.644104920900002 4.32740379035 1115.91384615 16.60410421520379 18 41
J2015+2524 15.3157938586 7.6435471241799995 513.711916667 16.55218445667839 20 25
J1938+6604 30.3386575312 5.6830702340100006 2027.40981159 16.504455947070063 19 66
J2022+2534 20.265049963699997 3.79524582006 920.465230769 16.36136788577634 20 25
B1903+07 18.8727093898 4.70077853012 824.003359375 16.104431058368743 19 7
J0509+3801 21.2814591382 4.785416318869999 1051.05161261 16.07922103324285 5 38
B1700-18 19.174177796400002 11.2736421647 862.2358842980001 15.994818956038431 17 18
B1919+20 18.7366550104 4.16254704689 876.765314465 15.499796824684138 19 20
J1911+1758 18.6776390075 0.9173635842450001 874.995 15.466598681031149 19 17
B1804-12 17.9287367824 7.783869217160001 815.165404531 15.381633049430103 18 12
B1851-14 18.2948312759 3.25132000238 860.967333333 15.27251979950906 18 14
J0414+31 19.4400698559 6.09296579081 977.056162162 15.233990566318484 4 31
J1850+0026 17.6954975128 1.15353387611 824.6419999999999 15.09404629000075 18 0
J1503+2111 18.2332540655 12.887109201700001 877.0245919539999 15.081131372353509 15 21
J1843-0000 17.699777126300003 20.4690595576 829.153333333 15.056568263529613 18 0
J0854+54 23.220051779299997 10.503403096 1444.62825581 14.964449896678872 8 54
J1710+49 21.5405750618 22.4296502933 1263.1183199999998 14.846049405181015 17 49
J0139+5621 13.4339772997 12.3356750251 500.03913793099997 14.715608880901137 1 56
J1630+3734 19.455193117 14.1568671077 1050.19393443 14.70538565184726 16 37
J1913+1011 17.4176249504 0.476760626387 842.7280000000001 14.69673448113924 19 10
J0609+2130 12.3025674483 3.7745897634199994 420.878611765 14.689024383550814 6 21
J2002+30 18.3963375678 5.804941182189999 956.779491803 14.568038027631056 20 30
B0756-15 17.3319866868 6.05921575342 851.110359116 14.552279709807015 7 15
J1848+12 15.0050930977 5.2830042838999995 637.9735 14.551675443007738 18 12
J1829+25 17.8568413833 3.5745143586300006 918.9021379310001 14.42931236670509 18 25
B1848+04 17.3976818721 1.0838772401299999 874.316333333 14.412280784727425 18 4
J1904+33 18.5932305527 3.1276566093500002 1000.06704 14.401771717263017 19 33
J2235+1506 17.1967549509 7.96432641885 859.161965517 14.370921148896127 22 15
J1931+30 17.8811685398 3.7832095353699993 939.4084970760001 14.290396531095697 19 30
J1923+2515 17.674912391099998 6.024522445110001 919.904814634 14.274517884462647 19 25
J1538+2345 16.9883785248 12.2340722151 851.981466667 14.256485625343396 15 23
J2214+3000 18.1421055217 11.645647258499999 974.604256228 14.234727640202603 22 30
J1848+0604 15.5252361298 1.2770510374 717.73175 14.194913822946255 18 6
J1840-0815 16.7074935436 3.00191701745 835.2230000000001 14.16073203111788 18 8
J1555-0515 16.6515318 5.5583092023 835.643014493 14.109753374491774 15 5
B1257+12 16.464497699000002 7.4389435622 844.579594595 13.877262988343524 12 12
B0906-17 16.418446221 6.999005623210001 856.622112195 13.740832308655682 9 17
J1647+66 25.326651850799998 9.014098036739998 2047.66063291 13.709588366355984 16 66
J1842+1332 15.5387897087 4.8278454377 778.595056604 13.64071054983515 18 13
J0137+1654 13.264252151099999 4.964434757019999 569.5543980580001 13.614158091154087 1 16
J1903-0848 15.897045135499999 0.0 841.9889999999999 13.419576907265998 19 8
J0348+0432 13.969294726400001 5.06170182873 651.1403320000001 13.409506870777447 3 4
J1857-1027 15.490062551300001 5.71027346698 801.4138297869999 13.402949472953987 18 10
J0405+3347 16.9104681375 3.66043681373 998.555792453 13.108261239542507 4 33
B1854+00 13.526288986199999 1.71869875065 638.9913333330001 13.107105740091267 18 0
J1946+2535 15.8443844541 4.00289774534 881.6962800000001 13.070478670341437 19 25
J1908+2351 15.643242835999999 1.7532510757 881.48 12.906134322263265 19 23
J1903+2225 15.6768035889 0.0 898.9839999999999 12.807287573869312 19 22
B2025+21 8.53733597278 2.88018137265 273.591 12.642911400653206 20 21
B1309-12 14.632394078199999 6.794618335240001 844.5003095239999 12.333635449462415 13 12
J2243+1518 11.570030685899999 4.0834265177099995 534.61177931 12.257188758977781 22 15
J0631+1036 11.0363260443 3.25031845222 486.77052702699996 12.252875201129381 6 10
B1717-16 14.537339125099999 6.78428707904 856.73519403 12.165703928972517 17 16
J1918-0642 14.3957283178 3.40284671986 844.457691244 12.13445622462171 19 6
B1834-06 10.0769653321 1.54417468081 418.9775 12.058965123989074 18 6
B0841+80 13.5022616997 21.798070653000003 772.802201005 11.897287903081905 8 80
J1802+0128 13.5409980381 3.09385205816 792.258823529 11.784000655851175 18 1
J2352+65 21.6824440173 6.40189557561 2093.66656716 11.607270350318885 23 65
J1853+1303 13.690150971400001 27.521743891999996 863.761257576 11.41003567511376 18 13
J1843+2024 13.393882496 7.358783331000001 841.6964285710001 11.30848347025373 18 20
J1821+0155 13.2469368469 2.46506334255 829.3315909089999 11.267484949646116 18 1
J2030+55 12.529723227 3.2382379876200003 748.0559375 11.221478089825412 20 55
J1745-0129 12.9271086349 3.9436794801999997 798.051705882 11.208861644938269 17 1
J2234+0944 13.311918827000001 7.40933832511 853.118929577 11.163785841322357 22 9
J1835-0928 5.8057284355 0.0 163.965 11.105976910768549 18 9
J0927+2345 13.6316753493 7.23192922742 915.9359722219999 11.032966557254868 9 23
J1752+2359 13.106733746 5.8393490141 853.652222222 10.988277400736116 17 23
J2010+3230 10.0609721184 3.0550034451999997 504.972 10.96685046360463 20 32
J1841-0310 11.8513671875 2.7308609398900003 713.5768 10.867351598373668 18 3
J0034-0534 11.553657746099999 6.56061098156 682.906025271 10.829655740407784 0 5
J0332+79 6.995011280139999 3.28573400805 255.158491803 10.726524551557123 3 79
J0355+28 13.2570624351 2.2693183846 945.695352941 10.559595915257457 3 28
B1906+09 12.2754369426 2.92211855772 829.355243243 10.44100461193658 19 9
J1925+19 12.221626428099999 4.05247325125 825.625140351 10.418691425245898 19 19
J2151+2315 12.766667168900002 5.392272340619999 920.302811881 10.308317512501437 21 23
J2322+2057 12.634319228699999 6.872655680119999 918.780622378 10.20990162500458 23 20
J2207+40 7.90138958503 2.5251452542 361.21898550699996 10.183423764445156 22 40
B1911+11 12.3692518075 1.77195876243 912.3166666669999 10.031046682668235 19 11
J2013-0649 10.0902843783 4.17271227115 608.6660322580001 10.01819541017408 20 6
J0630-0046 11.8260659859 3.6336443898 847.977934426 9.947722170330424 6 0
J1846-07492 11.314643061199998 1.9331396125799998 778.503875 9.933129417322148 18 7
J1950+05 10.962102681400001 2.46019767372 773.754953125 9.653121441653598 19 5
B1607-13 11.310305830499999 2.8529777971200003 853.990098592 9.480332204325249 16 13
B1933+17 11.305935571300001 2.09446231302 871.948391892 9.378572518817874 19 17
J0729-1448 9.86299858506 3.42339396833 680.743173228 9.259615401902682 7 14
J1847-0605 5.9860095978 0.0 250.99 9.25517904466788 18 6
J0652-0142 9.80927942292 4.8196113794699995 679.0286689659999 9.22080155798872 6 1
J1834+10 10.5256955261 3.2540464752900005 783.0753478260001 9.213500257317513 18 10
B1639+36A 11.9842103698 5.5884931600800005 1025.33935404 9.167506697250179 16 36
J2105+6223 15.9732185692 4.17039515966 1839.52168908 9.122536362800743 21 62
J1949+3106 10.870282649000002 2.3858044940200003 853.534053498 9.11393727935314 19 31
B1709-15 10.883477705 2.4993695798099997 858.132136 9.10052053757988 17 15
B1732-02 10.5314101541 2.86443761199 813.034469697 9.04706421684977 17 2
J2310+6706 17.1063146061 3.16884344342 2146.32916667 9.04448653469496 23 67
J1840-0840 10.0580922127 2.14833642759 756.179 8.95940011317415 18 8
B1838-04 10.5131998062 0.3605146408 829.4810000000001 8.94143702796071 18 4
J1501-0046 10.4339697601 3.27953695342 820.903941799 8.920291125293792 15 0
J1921-05 10.514801635700001 1.82178277727 835.14904 8.912400946896446 19 5
J1848+0647 10.2047095128 7.18857067454 787.2126785710001 8.909026110394576 18 6
J1911+00 10.0095859369 1.14604768085 761.1385 8.887096433726615 19 0
J1327-0755 10.4748215675 5.2151472311400005 842.2263435110001 8.841131461335152 13 7
J1911+1347 10.4346018599 2.60256193273 857.5294921469999 8.728245947761371 19 13
J2043+1711 10.4528806011 4.180664988319999 882.6844895830001 8.618047177573562 20 17
J0102+4839 12.238336323299999 3.7045489371599998 1256.54023256 8.456873022027061 1 48
J1439+76 20.8359489441 0.0 3701.19 8.389155021611565 14 76
J1738+0333 9.80516734883 4.243169104630001 823.392236264 8.370034569046732 17 3
J1848+0826 9.56420667388 2.0665312617700002 792.518145455 8.32185166161967 18 8
J1935+1726 5.507919470469999 0.947173461928 264.323333333 8.298420846862632 19 17
J1411+2551 10.266062786200001 7.449979761769999 924.989166667 8.268204660153536 14 25
J1837-0045 9.70258585613 0.934543008518 832.988333333 8.23462184788039 18 0
B1740-03 9.56061403666 5.97609728275 819.562482143 8.180321578633388 17 3
J1709+2313 9.88421709224 3.2317139150800003 892.607674419 8.103779068209926 17 23
B1648-17 9.65496256829 4.692336994180001 864.9091400000001 8.04157239896688 16 17
B1740-13 9.54982538656 1.9404356806299998 848.794818182 8.029152306742366 17 13
J0108-1431 8.010910978550001 4.40827319163 616.506965854 7.902937308656893 1 14
J2229+64 13.025904213399999 3.12461271948 1645.73041667 7.8650983463894955 22 64
J1902+0723 8.87112140657 1.97868345912 800.6443333330001 7.679524512089071 19 7
J1920+1040 9.316600210539999 2.1315784784900003 910.6779411760001 7.562243831446074 19 10
J1910+1256 8.99224046846 1.9744108785299999 856.3765678389999 7.52681340259991 19 12
J0329+1654 8.29801209177 2.41773103425 734.2254052039999 7.501273230446483 3 16
J2311+67 9.40008574724 2.5223093235900005 947.5075 7.480249990688626 23 67
J1834-0031 8.75796524683 2.10883090084 831.656666667 7.43886720691646 18 0
J1849-0317 7.671263376869999 2.97561633093 639.318 7.431629546306699 18 3
J1816-0755 8.764799117999999 0.0 838.9810000000001 7.412104424993851 18 7
J1849+0409 8.128727316880001 4.58238685894 728.7415 7.37583901447912 18 4
J1947+0915 6.1350188254999996 0.0 422.99 7.30678746033311 19 9
B0727-18 8.805493210669999 2.72123615103 872.325418079 7.302810782513662 7 18
J1856-0526 7.70730161667 2.3167237467299997 695.642666667 7.1578876020022255 18 5
J1110+58 11.6281967674 2.7182579390099995 1618.27285714 7.0804705761708915 11 58
J1909+0616 5.919091224650001 1.52519989015 419.96 7.075004085940234 19 6
J0843+0719 7.512212388189999 2.7529169563200004 680.235708487 7.055272136916464 8 7
J1901+0254 8.13633966445 0.28044748305 804.9745 7.024471168411866 19 2
J1909+1450 7.99154625995 1.16030578973 786.366666667 6.980618357286275 19 14
J1901+1306 8.0149698257 0.0 796.99 6.954262515104238 19 13
J1837+0053 8.14373624325 1.56398724417 826.49125 6.938733291778127 18 0
J1822+02 8.0576478227 2.9105163966600003 830.807333333 6.8475268872399 18 2
J1925-16 5.3170473098699995 1.3661599049000002 366.088 6.806963205850942 19 16
J0458-0505 8.01791587629 2.23255014526 840.562710526 6.774107131654379 4 5
J0709+0458 7.999152971060001 1.8810191405400003 843.585658537 6.746135085625944 7 4
J1934+19 5.762265205399999 0.0 442.0 6.713635105608784 19 19
J1849-0614 7.8666469256 0.750961327282 825.656333333 6.706032059216728 18 6
J1907+0731 4.3136063814 1.2641323805 251.49 6.662784668852229 19 7
J2234+0611 7.84780229972 4.328146386509999 839.7077832169999 6.6337574704754605 22 6
J1845-0743 7.543193340299999 0.0 779.992 6.615852137827346 18 7
J1944-10 4.28894209862 0.598350737927 254.79 6.581647506009348 19 10
J1921+16 4.26517214778 0.491415281218 261.98 6.454730598815597 19 16
J1838-1046 7.14234638217 1.5349357923299998 750.47425 6.386289998821674 18 10
J1928+28 7.96715007467 3.78406719335 949.489256098 6.333351553953588 19 28
J1842+0358 5.2675862312 0.0 417.98 6.3111649069785365 18 3
J1453+1902 7.601609870549999 5.85365917789 872.74 6.302875977515994 14 19
J1853-0649 7.41509962085 0.25950574875 838.998 6.270644101084875 18 6
J0104+64 11.0636396749 2.10465685093 1947.66821429 6.140675668600895 1 64
J1843-0510 3.8963965575 0.631373256628 250.96 6.024715221227208 18 5
J2001+42 7.9079817735899995 2.37831628505 1044.72245283 5.992952294466179 20 42
J0614+83 20.7170516332 4.4793292813 7289.98044444 5.943474338997392 6 83
J1759+5036 8.74915747869 7.305501905610001 1303.98984762 5.934781766262892 17 50
J2325-0530 6.48611436795 2.72522018566 744.916627737 5.8211178681573355 23 5
J1024-0719 6.930080445689999 5.01439754874 853.007927807 5.812157406320363 10 7
J1915+1144 3.7785186768 0.0091342926 255.96 5.785103692467255 19 11
J1842+0638 6.5734759465499994 3.33924009771 779.267413043 5.768029136952031 18 6
J0337+1715 6.103266452100001 13.898060164 677.304274809 5.744418171523684 3 17
J1834-1710 6.895471334500001 0.68836236 871.9685 5.719909855265655 18 17
J1855+0700 3.68712985515 0.5868707895499999 250.48 5.706601299552961 18 7
J1848-0023 6.113619009630001 0.893163953395 692.654 5.6900465931600115 18 0
J1933+0758 4.7335891724 0.0 421.99 5.644365235432906 19 7
J1744-1610 6.786278963099999 1.183800059 874.987 5.619614612093426 17 16
J1845-1351 4.75365887371 1.0007792279899999 430.68714285699997 5.610772824346725 18 13
J2032+4127 7.660629378410001 1.4987107204899999 1213.32555556 5.38705493542724 20 41
B1904+12 6.17478329972 2.9706072946399997 815.864275862 5.295273393337599 19 12
J2010-1323 6.3414391854900005 1.7717962645599996 867.400512195 5.274163877768713 20 13
J1836+51 7.87690377235 1.16930199742 1349.99166667 5.251285389256149 18 51
J1820-0509 6.3114198208 4.732583827809999 897.291 5.161025902205044 18 5
J1943+2210 3.48645677566 0.370621808942 274.96 5.150212527544318 19 22
J1901-04 6.05400284131 1.56950004584 833.018148148 5.13796349277284 19 4
J1840-04 3.3097023963999996 0.25580501559999996 250.96 5.117552618442185 18 4
J1907+0345 5.13245606425 0.50629782675 626.4595 5.0228980779114245 19 3
J2017+0603 5.97692298783 2.15734691341 849.830392857 5.0221208106810495 20 6
J1900+0634 5.0984835625 0.8257918357999999 628.9680000000001 4.979690756082845 19 6
J1852+0008 5.85784848533 0.622958898156 832.294333333 4.973650805533234 18 0
J1913+1102 4.1707663536 0.0 425.97 4.949963306615839 19 11
J1849+0127 5.6862564087 0.2401652336 830.482 4.833224324718909 18 1
J1901+0621 5.6670641899000005 0.0 836.9889999999999 4.798150674740363 19 6
J1848+0351 3.9454908371 0.0 417.97 4.727201434046637 18 3
J1221-0633 5.472181551269999 1.8508795871000001 836.7734923080001 4.633745377586178 12 6
J1913+0904 3.79472229355 0.700720084381 404.68526315800005 4.6205846299058315 19 9
J1907-1532 5.516638755800001 0.14087836993 857.995 4.613258523548257 19 15
J0645+80 4.973741884690001 1.33924001391 708.334156627 4.577620406668833 6 80
J0725-1635 4.87622890203 1.2721132447399999 682.226656604 4.572938567810855 7 16
J0627+16 5.61028984908 3.15875024345 913.883672414 4.545853810892559 6 16
J1902-0340 5.3408308029 0.0 831.9580000000001 4.535589527500712 19 3
J1906+0509 5.2932667732 0.1531653404 833.966 4.489781798137836 19 5
J1902+0248 5.1954270601 1.8354986906 804.47 4.486854130117069 19 2
J1906+0414 3.7269730568 0.0 414.97 4.4815013123665155 19 4
J1918+1310 3.7404499721599995 0.9874939221469999 429.7232 4.419825010711615 19 13
J1906+0912 3.69297719 0.0 422.97 4.398427803287648 19 9
J1733-01 5.14543679783 1.23144729614 832.0224285710001 4.369486042987158 17 1
J1819-1318 5.062219202530001 1.5710356116600002 805.365 4.369383820241649 18 13
J1914+08 4.13726979495 1.16157755722 547.71525 4.330240834846256 19 8
J1629+33 5.48528416952 1.5211223078600002 996.8942063489999 4.255496333323993 16 33
J1920-09 3.47365384633 0.544126189229 404.63888888900004 4.229882989950144 19 9
J0103+54 6.5061744066 2.99750620839 1441.82743494 4.197055224343422 1 54
J1952+2630 3.6550373179699998 0.7427152840219999 459.10785714300005 4.178400627024451 19 26
J1852-0118 4.2428992987 0.3960620165 622.474 4.165601695261583 18 1
J2004+3429 3.85281078956 0.877543246675 518.210588235 4.14572189734812 20 34
J1835-0946 4.9206424355500005 0.9131230126540001 845.71075 4.1446370726289405 18 9
J1858-0736 4.41746060053 1.22460033536 699.315 4.091776351665387 18 7
J1953+1846A 3.5163303102599994 0.545171835621 443.465 4.090115901582321 19 18
J1910-0112 4.6979432106 0.0913834572 801.465 4.064818019267971 19 1
J1907+0255 4.12653183935 0.67737698555 621.9715 4.0529904751792 19 2
J1840-1207 4.57192993166 0.424857305291 767.9796 4.04110699354184 18 12
J1839-0627 4.74195885658 0.6720015270309999 837.9896 4.012491194257741 18 6
B1828-11 4.9391245842 0.0 911.97 4.0062249383534745 18 11
J1843-1113 4.93059240978 0.985875796106 912.648 3.9978185132221857 18 11
J1840-1122 4.74576743443 0.7001745590549999 847.972666667 3.9920056776249275 18 11
J1848-1150 4.3267144362 1.43192816079 709.977 3.977514009086406 18 11
J1858-11 4.73232328891 1.4942157837 850.056416667 3.9758148912896667 18 11
J1829+2456 4.88317654134 1.4634975615399999 917.7428 3.9483674029905247 18 24
J1926+1613 3.3473424911 0.0 436.99 3.9222929405887488 19 16
J1836-11 4.6597733498 0.0 850.9630000000001 3.912776845112583 18 11
J1832-0836 4.6975188041000004 1.1778046902700001 865.993370787 3.9100910342016526 18 8
J1843-1507 4.664513588 0.0 859.987 3.8961533724954074 18 15
J1904-0150 4.4710481167000005 0.559555769 802.9789999999999 3.8648520656280745 19 1
J1742-0203 4.5475283615199995 0.984749239338 831.532015873 3.862882996209782 17 2
J0621+2514 4.771175963309999 1.24103689411 929.507915825 3.833315036646148 6 25
J2024+48 3.93288159829 0.9882236327130001 634.2459615380001 3.825230780943767 20 48
J1838-1849 4.54578852655 0.14940285685000002 879.9625 3.7536413177491594 18 18
J1834-1855 4.5480378866199995 1.26093887605 881.227 3.752803297111636 18 18
J1911+0101B 4.1289473772 0.300457521974 727.9730000000001 3.748498463068374 19 1
J1848-1243 4.05384858447 0.48719840590700003 709.6419999999999 3.7275501309705725 18 12
J1903-0258 4.26870405675 1.09784543515 803.9755 3.6876548394887427 19 2
J1842-0415 4.35118371252 0.420274569649 836.7189999999999 3.6846244521168225 18 4
J1857+0809 3.9166762828699992 0.282244562293 699.632666667 3.6270894310459276 18 8
J0534-13 4.294280882240001 1.21017082597 854.8761481480001 3.5976132389667193 5 13
J1901-1740 4.21574433643 0.39395809618699995 834.992 3.5736229879887307 19 17
J0125+62 6.202875261719999 1.83834019396 1812.59086957 3.568771803073289 1 62
J0054+66 6.90918409161 4.13303824871 2266.93111111 3.554538546567023 0 66
J1909+0641 4.05799326901 0.68318896293 786.7885 3.543708136863006 19 6
J1834-0731 4.04146769641 0.156086672956 787.111375 3.5285529805578078 18 7
J1834-1202 4.198309103630001 1.43293339421 853.635666667 3.5197657390687085 18 12
J1317-0157 4.11547728685 0.819626345315 831.36 3.4962402788296862 13 1
J1845-0545 3.9411458969 0.0 778.9730000000001 3.4588914677251674 18 5
J2203+50 3.65230093065 0.5879317803140001 669.011948052 3.4587983421095867 22 50
J1905+0154A 3.98763442035 0.68373560905 804.4645 3.4437968088989352 19 1
J1900-09 3.70651809373 0.873163104998 696.9839999999999 3.4389855060055226 19 9
J1843-0408 3.9050364494 4.4408920985e-16 776.96 3.4316373554934256 18 4
J1841-1404 3.85214593016 0.907233520273 783.146083333 3.371762421544601 18 14
J1045-0436 3.95477218695 1.06011098871 831.4556478869999 3.3595224880651218 10 4
J1839-0459 3.95973396301 0.325108789975 834.970857143 3.3566493469456153 18 4
J1904+0738 3.86911201475 0.25954198835000003 810.972 3.328005217270927 19 7
J1839-0905 3.4950494766300007 0.5273015054110001 664.97525 3.3199092513962047 18 9
J1901+0124 3.49147852263 1.14627298418 672.974333333 3.296747986492548 19 1
J1304+12 3.91200567114 1.34191013114 849.9562586210001 3.286826749814264 13 12
J2018-0414 3.8604418885400005 1.10196534844 833.0906129030001 3.2761707162023437 20 4
J1856+0404 3.4518098831 0.506083972975 691.651333333 3.2149845026587345 18 4
J1900+0227 3.6977663834699994 0.673281205205 794.316333333 3.2137963166594568 19 2
J1831-04 3.7663263321 0.923375216901 832.714753846 3.1970206546232935 18 4
J1835-0944 3.7747960091 0.0 842.982 3.1846371847338424 18 9
J1843-0744 3.0185185670999997 0.2648259401 539.466 3.183372333933532 18 7
J1852+0305 3.7469545603 0.10897338390000001 832.9725 3.1800849369970536 18 3
J1907+0249 3.70643544198 0.765978496327 818.22825 3.1739116275379606 19 2
J1840+0214 3.7122526169 0.299293948096 830.965 3.154436442166645 18 2
J1902-10 3.6099102497000004 0.0 789.97 3.146058039203469 19 10
J1719-1438 3.72238921954 0.725589917993 845.775124138 3.135233949270236 17 14
J1833-0559 3.5717718600999997 0.0 779.9730000000001 3.1327053734058015 18 5
J1911+09 3.37881207467 0.22259136739 702.641333333 3.1222869637942616 19 9
J1839+15 3.73724526167 0.646433301022 861.23925 3.119358701780814 18 15
J1839-0141 3.6633529662999997 0.2863841057 830.9815 3.1128537206490257 18 1
J1018-1523 3.71760712301 0.704495961904 862.3741470589999 3.100924930032835 10 15
J1914+0659 3.4439924785100002 0.601961659119 745.5464285710001 3.0895873085366787 19 6
J0931-1902 3.74733783959 1.00698282665 884.99473741 3.0855183217017954 9 19
J2042+0246 3.6289270070199997 0.650975740105 832.1306530610001 3.0814710916775674 20 2
J1841+0130 3.6150564551199995 0.462286764662 828.7330000000001 3.0759791882426177 18 1
J1843-1448 3.6776289939999995 0.24859094620000002 860.4835 3.070946612018195 18 14
J1904-16 3.5501173734500004 0.12005746365 836.9705 3.0058220190734417 19 16
J1853+0056 3.5097955465 0.210451839176 823.2230000000001 2.9963924625619756 18 0
J1907+0859 3.5441477299 0.0 841.9810000000001 2.9918257496340988 19 8
J1312+0051 3.5350637866100003 0.626797082663 840.174921053 2.9873631729004284 13 0
J1903+0327 3.5167372413699995 0.635106714019 840.108318627 2.971993828071826 19 3
J1859+0601 3.2734839320200004 0.45533258278800004 729.9785 2.9677738525405646 18 6
J1837-1837 3.4570835317900004 0.497089069042 816.121857143 2.9642033511101005 18 18
J1913+0657 3.41352389075 0.799927812871 801.709545455 2.9530448618788423 19 6
J1839-0436 3.4692749977 0.0 833.9630000000001 2.9426659227521497 18 4
J2129-0429 3.4848651674699997 0.644752651703 846.733734177 2.933514055592632 21 4
J1023+0038 3.43365030566 0.639964174304 827.4623344710001 2.9238667142045056 10 0
J1907+0602 3.4470534325 0.0 837.99 2.9167836881989153 19 6
J1838-0107 3.3952058553500004 0.30830705165 831.4885 2.884121903957533 18 1
J1839-0402 3.3978918791000003 0.047730803499999995 835.4735 2.879511657409313 18 4
J1900+0308 3.33249700068 0.266929204418 803.97425 2.878885039149527 19 3
J1837-0559 3.3933603764 0.7361471653 835.9665 2.8748234085344837 18 5
J1844-0502 3.3912072182 0.0 835.97 2.872993258620725 18 5
J1929+62 3.6317823529300006 0.9349335171879999 966.24 2.8618899733361474 19 62
J0952-0607 3.3970855621499996 0.581779664845 848.462922374 2.856706852124114 9 6
J1901-0315 3.3673770428 0.0 833.967 2.85622843843702 19 3
J1913+0617 3.34115629198 0.48060392678400005 824.1856 2.850755070636154 19 6
J1953+67 3.9547432661 1.01044245661 1165.805 2.837141285800114 19 67
J1844+0115 3.2805328369200004 0.395122730031 830.7265 2.7879885263479074 18 1
J1913+1050 3.1405653953600003 0.369325297327 762.1722 2.7864863135929214 19 10
J1048+2339 3.4309175535 0.590569078493 916.5924894369999 2.775861285703154 10 23
J1843-0806 3.23837628364 0.425835871232 837.7798 2.7405516603903 18 8
J1901+0300 3.0825486182999997 0.0 775.97 2.7105853993363795 19 3
J1910+0517 3.18924593925 0.31917142865 834.9795 2.7034959910266925 19 5
J0605+3757 3.5050530315300006 0.693454506063 1068.79 2.6261772061611417 6 37
J1904+0412 3.0485618114 0.0 831.975 2.588901290708606 19 4
J1630+3757 3.39974525997 0.497176996866 1042.55714286 2.579123081206314 16 37
J1946+3417 3.4816924810400005 0.531870673888 1094.4628 2.577896829589279 19 34
J1901-0312 2.8910176754 0.1149156094 801.477 2.5013867218764396 19 3
J1853+03 2.9476428827 0.10930403315500001 834.6386666669999 2.4992013164846503 18 3
J2215+5135 3.7670398201199995 0.701343073576 1474.67485714 2.402855742549022 22 51
J1909+21 2.8511518955199997 0.417770162944 869.1866 2.368860406116614 19 21
J1909+1148 2.7275207837599997 0.26596851565900004 852.5355555560001 2.288165554277469 19 11
J1857+0143 2.6782841682 0.0 832.9760000000001 2.2730868788164735 18 1
J1552+5437 3.4503639658800007 0.614771753971 1436.22465753 2.2301257151362974 15 54
J2019+72 3.6277114794800003 0.6987643704950001 2778.82923077 1.685688931488724 20 72
B0809+74_lower 1552.44400939 1953.02901887 3112.21 681.6432274710222 20 74
B2255+58_lower 865.420351809 268.498763875 1680.52986577 517.1060415560888 10 58
B2319+60_lower 705.38814504 304.348137361 1576.39902737 435.1817783630185 11 60
B0138+59_lower 628.967190369 142.93427351 1675.92304348 376.33670690812073 13 59
B2148+63_lower 510.914827421 114.66377138799999 2047.6661039 276.56330801974826 9 63
J2302+6028_lower 387.96520208699997 90.47702977520001 1286.03273504 264.99787263585887 11 60
B2324+60_lower 456.041121231 127.954683933 1820.80482759 261.78691296513824 11 60
B0402+61_lower 326.626135367 61.0977488434 1751.24857143 191.18449161845925 16 61
J2319+6411_lower 253.428710389 50.8548558263 1496.83876106 160.45155427065959 11 64
B2224+65_lower 267.450939894 80.104933379 2257.42890625 137.88363138458328 10 65
B0655+64_lower 236.73678420599998 224.35259206400002 1909.97481283 132.68674765714417 18 64
B0154+61_lower 200.27545960700002 47.0865398397 1788.94833333 115.98570411667356 13 61
J0215+6218_lower 168.246124065 41.5092549844 1727.02401606 99.16798863150282 14 62
B0105+65_lower 175.49512048 73.5542429606 2070.43857143 94.47338924541107 13 65
B0059+65_lower 161.040064952 58.319765957799994 1997.81352941 88.25353036534506 12 65
B2323+63_lower 145.33359767 51.4249645196 2037.31479167 78.87013432463364 11 63
B2227+61_lower 142.018597515 38.2383536841 1984.76676923 78.08472852275673 10 61
J2206+6151_lower 77.0968112946 14.160850110899998 613.4384615380001 76.24766356985442 10 61
B2334+61_lower 114.749410773 52.3608582871 1460.30589041 73.55364017106331 11 61
B0917+63_lower 125.9225311 75.5781005082 1817.50984127 72.3503579738048 21 63
B0114+58_lower 107.68241601 19.7323503977 1599.13114286 65.95965502978164 13 58
J0248+6021_lower 63.5417019526 11.3163656619 567.559166667 65.332442837977 14 60
B0410+69_lower 124.67239372799999 57.9777280166 2415.11786164 62.140788305914285 16 69
J0738+6904_lower 110.298334863 68.5619446874 2336.72925926 55.89080733515925 19 69
B2241+69_lower 91.23821177629999 23.320006644499998 1655.28818182 54.930756832812726 10 69
B0144+59_lower 81.9799972591 43.5149908881 1599.65186441 50.2077531175941 13 59
J2229+6114_lower 67.49576246069999 13.129794334000001 1113.4288764 49.547402607864655 10 61
B0105+68_lower 88.20479177899998 28.4417724146 2329.31977778 44.76651093754619 13 68
B1322+83_lower 141.966857394 113.842698431 7027.84695971 41.481212865357925 1 83
J0054+6946_lower 79.3646276943 14.264430855399999 2413.90698413 39.56783999721785 12 69
B0226+70_lower 79.0061130407 26.325424891999997 2477.53164634 38.8800411327742 14 70
J2343+6221_lower 70.92888654069999 14.4765282083 2002.377 38.82628546827816 11 62
J1125+7819_lower 69.0065597183 73.3694347611 2176.6179602 36.230547540890775 23 78
B0643+80_lower 56.0510864258 0.0 1691.01 33.387705346637816 18 80
J2240+5832_lower 38.838153839099995 6.951957655299998 848.545151515 32.65853691697328 10 58
J0243+6027_lower 46.892754608400004 11.8980505824 1377.13460714 30.952317687808247 14 60
J0325+6744_lower 57.760512044799995 11.7552538159 2205.08346154 30.129653957464104 15 67
J1922+58_lower 43.5320299268 25.86778157 1370.29444444 28.805644443752236 7 58
J2333+6145_lower 42.5510397618 8.225837525700001 1364.86297297 28.21248076420277 11 61
J2017+59_lower 30.6422818229 13.685330741700001 912.6425 24.84542231532473 8 59
J2238+6021_lower 33.854731631599996 10.1963000576 1509.78497908 21.3421147449478 10 60
J1748+59_lower 34.5862893518 8.98028486465 1656.19773585 20.81725693090127 5 59
J0413+58_lower 33.6312823296 4.1821239436800015 1597.235 20.612688628431965 16 58
J0111+6624_lower 37.220852190100004 8.36752309392 2084.09612245 19.971149591074536 13 66
J0325+67_lower 38.2216964435 13.337816168900002 2287.04813559 19.577080721544977 15 67
J1434+7257_lower 42.100689953 22.4527587021 2809.58045455 19.455576397598158 2 72
J2043+7045_lower 33.7814888467 6.165643822969999 2393.1033125 16.915065642107532 8 70
J0201+7005_lower 35.2809580868 10.7153828578 2686.58779661 16.673066280381178 14 70
J1938+6604_lower 30.3386575312 5.6830702340100006 2027.40981159 16.504455947070063 7 66
J1647+66_lower 25.326651850799998 9.014098036739998 2047.66063291 13.709588366355984 4 66
B0841+80_lower 13.5022616997 21.798070653000003 772.802201005 11.897287903081903 20 80
J2352+65_lower 21.6824440173 6.40189557561 2093.66656716 11.607270350318885 11 65
J0332+79_lower 6.995011280139999 3.28573400805 255.158491803 10.726524551557123 15 79
J2105+6223_lower 15.9732185692 4.17039515966 1839.52168908 9.122536362800744 9 62
J2310+6706_lower 17.1063146061 3.16884344342 2146.32916667 9.044486534694961 11 67
J1439+76_lower 20.8359489441 0.0 3701.19 8.389155021611565 2 76
J2229+64_lower 13.025904213399999 3.12461271948 1645.73041667 7.865098346389495 10 64
J2311+67_lower 9.40008574724 2.5223093235900005 947.5075 7.480249990688626 11 67
J1110+58_lower 11.6281967674 2.7182579390099995 1618.27285714 7.080470576170892 23 58
J0104+64_lower 11.0636396749 2.10465685093 1947.66821429 6.1406756686008945 13 64
J0614+83_lower 20.7170516332 4.4793292813 7289.98044444 5.943474338997393 18 83
J0645+80_lower 4.973741884690001 1.33924001391 708.334156627 4.577620406668833 18 80
J0125+62_lower 6.202875261719999 1.83834019396 1812.59086957 3.5687718030732887 13 62
J0054+66_lower 6.90918409161 4.13303824871 2266.93111111 3.5545385465670227 12 66
J1929+62_lower 3.6317823529300006 0.934933517188 966.24 2.861889973336148 7 62
J1953+67_lower 3.9547432661 1.01044245661 1165.805 2.8371412858001137 7 67
J2019+72_lower 3.62771147948 0.6987643704950001 2778.82923077 1.685688931488724 8 72
